# avg_degree,9.96
# msgs_per_node_per_step,9.96
# total_msgs_per_step,996.0
# steps_per_epoch,5.0
# total_msgs_per_epoch,4980.0
epoch,mean,median,min,max,std
1,0.3925020000000001,0.4018,0.1516,0.578,0.10533140935162694
2,0.567571,0.59015,0.2305,0.6909,0.08573953498241053
3,0.6654790000000002,0.67435,0.3543,0.7707,0.06614338560279479
4,0.729427,0.7415499999999999,0.5076,0.7937,0.04731290068258339
5,0.7645820000000001,0.7697,0.5975,0.814,0.03437612945053588
6,0.7844460000000001,0.78915,0.6379,0.8198,0.027750561868185662
7,0.8009419999999998,0.80645,0.6939,0.8303,0.02198517764313038
8,0.8119259999999998,0.81535,0.7139,0.836,0.017729983756337737
9,0.821815,0.8244,0.7327,0.8431,0.015309189233920908
10,0.829067,0.83065,0.7724,0.847,0.01241433087202045
11,0.8344770000000001,0.83685,0.779,0.8493,0.011570357427495492
12,0.8390909999999999,0.84105,0.7995,0.8529,0.009367562062778124
13,0.8423039999999999,0.8432,0.798,0.8565,0.008935076048920909
14,0.846254,0.8482,0.8095,0.8579,0.007934436589953946
15,0.8499169999999999,0.8513,0.8114,0.8601,0.007454623464669425
16,0.8527640000000001,0.85415,0.8243,0.8627,0.006447581251911444
17,0.855944,0.857,0.8267,0.8645,0.00601708101989661
18,0.8579140000000001,0.85865,0.8382,0.8668,0.0052156690845949994
19,0.85991,0.8609,0.8367,0.8677,0.005476632176803547
20,0.8616240000000001,0.86255,0.8403,0.8697,0.004919006403736422
21,0.8634999999999999,0.8639,0.8375,0.8714,0.004852813616861868
22,0.865072,0.86555,0.8447,0.872,0.00449871270476344
23,0.8663949999999998,0.86685,0.8482,0.8727,0.004055474694779885
24,0.8675139999999999,0.86795,0.8491,0.8743,0.004172266050960807
25,0.8692720000000002,0.8697,0.8512,0.8758,0.00366900749522266
26,0.8700890000000001,0.87045,0.8516,0.8761,0.0038213582663759746
27,0.87111,0.87175,0.8546,0.877,0.0036792798208345064
28,0.8725,0.87285,0.857,0.878,0.0033452952037152134
29,0.8732719999999999,0.8734,0.8561,0.8785,0.0032941487519539832
30,0.8741709999999999,0.87455,0.8618,0.8793,0.0030970080723175353
31,0.8752699999999999,0.8755,0.8604,0.8799,0.0029262774988028663
32,0.875852,0.87625,0.8633,0.8808,0.0028837642067270305
33,0.876815,0.87715,0.8645,0.8816,0.0027516313343178755
34,0.8774439999999999,0.87775,0.8653,0.8824,0.0027237591670336786
35,0.8783299999999999,0.8789,0.8644,0.8825,0.002783756454864541
36,0.879179,0.8795,0.8681,0.8828,0.002516159573635988
37,0.8797269999999997,0.8802,0.8687,0.8848,0.002472806300541957
38,0.8806170000000002,0.8809,0.8691,0.884,0.0022749969230748436
39,0.8810639999999998,0.8815,0.8698,0.8843,0.002233988361652764
40,0.881587,0.88175,0.8716,0.8851,0.0021795712881206696
41,0.8820749999999999,0.8824,0.8705,0.8856,0.00227505494439145
42,0.8823300000000001,0.8827,0.8696,0.8859,0.002321615816624273
43,0.8829570000000001,0.88305,0.8717,0.8867,0.002263857548521992
44,0.883556,0.884,0.8713,0.8869,0.0022306644749939424
45,0.884043,0.88425,0.8753,0.888,0.002032154275639528
46,0.8846170000000001,0.8849,0.8744,0.8876,0.002002601058623513
47,0.884902,0.8852,0.8731,0.888,0.002144620246104193
48,0.8852679999999999,0.88545,0.8745,0.8888,0.0020626623572460884
49,0.8858959999999999,0.8861,0.8774,0.8892,0.0018583820920359698
50,0.8863099999999998,0.8865000000000001,0.8774,0.8892,0.001846374826518169
51,0.8868250000000001,0.88695,0.8795,0.89,0.0017739433474606799
52,0.887087,0.8873,0.8806,0.8899,0.001645275356893187
53,0.887446,0.88775,0.8778,0.8904,0.0018388267998917097
54,0.8879530000000001,0.88805,0.881,0.8909,0.0017151941581057216
55,0.8881140000000001,0.8884,0.8802,0.8907,0.0017596033643977808
56,0.8885490000000001,0.8888,0.8798,0.891,0.0016403959887783175
57,0.8889199999999998,0.88905,0.8815,0.8918,0.0014686728703152381
58,0.889563,0.8898,0.8809,0.8921,0.0015680978923523902
59,0.889854,0.89005,0.8832,0.8924,0.0014744097123934046
60,0.8902519999999998,0.89055,0.8835,0.8932,0.001522003942176236
61,0.8902570000000002,0.89045,0.883,0.8924,0.0015022819309304131
62,0.8906500000000002,0.89085,0.8833,0.8931,0.0015235156710713504
63,0.8911069999999998,0.8913,0.8845,0.8934,0.0013715141267956386
64,0.8911959999999999,0.8914,0.8825,0.8936,0.0015319216690157494
65,0.891242,0.8916,0.8828,0.8943,0.0016239568959796908
66,0.891524,0.8919,0.8833,0.8938,0.0015755710076032793
67,0.8918480000000001,0.892,0.8842,0.8941,0.0013941649830633398
68,0.892026,0.8921,0.887,0.894,0.0012570298325815538
69,0.892358,0.8926,0.8858,0.8949,0.0013667611349464106
70,0.892669,0.8928,0.8861,0.8947,0.0012491353009182007
71,0.892822,0.8931,0.8871,0.8953,0.0012981201793362594
72,0.893173,0.8934,0.8865,0.8951,0.001155409451233633
73,0.8932759999999998,0.8934,0.8873,0.8954,0.0011996766230947438
74,0.8937350000000001,0.894,0.8866,0.8957,0.0012706986267404202
75,0.8938300000000001,0.894,0.8875,0.8958,0.0011925183436744323
76,0.8939510000000002,0.8942,0.8865,0.8961,0.0012767533042839564
77,0.8943079999999999,0.8945,0.8877,0.8966,0.0011884174350791055
78,0.894379,0.8946,0.8865,0.8962,0.0012885103802453466
79,0.894594,0.8948,0.8884,0.8965,0.001162051633964688
80,0.8948110000000001,0.8949,0.8887,0.897,0.0012513109126032558
81,0.8948720000000001,0.895,0.89,0.897,0.001257225516763003
82,0.895157,0.8953,0.8909,0.8973,0.0011185933130499167
83,0.8953240000000001,0.8954,0.8895,0.8977,0.001161647106482861
84,0.895754,0.89575,0.8894,0.8982,0.001185615451991078
85,0.89585,0.896,0.8898,0.8979,0.0011392541419718398
86,0.896045,0.8961,0.889,0.8981,0.0011758720168453724
87,0.8962730000000001,0.8964,0.8919,0.8983,0.0010503194752074236
88,0.8962510000000001,0.8963,0.89,0.8987,0.001194193870357745
89,0.8964669999999999,0.8965,0.8903,0.8983,0.00108176291302669
90,0.896676,0.8968,0.8899,0.8983,0.0010821386232826183
91,0.8968459999999999,0.897,0.8927,0.899,0.0010812418785822117
92,0.897198,0.89735,0.8908,0.899,0.0010983605965255668
93,0.8972739999999999,0.8974,0.8927,0.8992,0.0010865192128996135
94,0.8972930000000001,0.8973,0.8919,0.8991,0.0010626622229099895
95,0.897633,0.8978,0.8926,0.9001,0.0010679002762430632
96,0.8978229999999999,0.898,0.8926,0.8994,0.001058570262193304
97,0.8980290000000001,0.898,0.8923,0.8996,0.0009604472916303154
98,0.89821,0.8982,0.8923,0.9,0.0010815266986995795
99,0.8981960000000002,0.8983,0.8929,0.8999,0.001025272646665267
100,0.8984930000000001,0.8986,0.8928,0.9,0.0010431926955265717
# epochs_to_reach
# reach_70%,4
# reach_75%,5
